000_1_0002.png;165;151;23;12;149;138;0;
000_1_0013.png;158;127;31;15;134;113;0;
000_1_0034.png;70;60;15;12;53;53;0;
000_0010.png;80;73;14;8;67;63;0;
000_0013.png;158;127;31;15;134;113;0;
000_0017.png;322;302;50;24;281;286;0;
000_0019.png;315;281;51;23;275;257;0;
000_0020.png;104;90;19;14;85;79;0;
000_0027.png;84;68;21;13;69;58;0;
000_0033.png;65;65;14;15;51;56;0;
001_1_0009.png;131;124;23;15;111;110;1;
001_0004.png;78;65;17;9;66;56;1;
002_0010.png;95;76;21;12;77;66;2;
003_1_0026.png;111;100;20;13;91;88;3;
003_1_0034.png;144;140;19;16;129;122;3;
003_1_0115.png;154;134;24;15;139;117;3;
003_1_0125.png;67;58;13;8;55;50;3;
003_0037.png;84;78;18;15;70;60;3;
004_1_0020.png;83;80;13;14;69;69;4;
004_1_0044.png;239;214;41;31;200;186;4;
005_1_0026.png;154;144;20;20;135;128;5;
005_1_0027.png;158;147;22;12;145;133;5;
005_1_0094.png;116;105;13;6;102;93;5;
007_1_0006.png;133;125;21;14;115;108;7;
007_1_0067.png;209;195;25;14;193;179;7;
007_0020.png;178;158;25;17;148;141;7;
010_1_0004.png;133;120;22;9;114;104;10;
010_1_0013.png;116;122;8;13;103;110;10;
011_1_0019.png;201;179;44;27;161;147;11;
011_0029.png;65;58;6;3;61;57;11;
012_1_0015.png;94;100;15;13;83;85;12;
012_1_0024.png;228;209;47;23;187;167;12;
013_0013.png;117;106;15;8;104;97;13;
013_0016.png;137;124;16;10;118;112;13;
014_1_0013.png;195;183;29;16;165;163;14;
014_1_0028.png;120;114;12;15;109;104;14;
014_0010.png;144;125;31;14;117;108;14;
015_1_0001.png;123;121;29;10;107;104;15;
015_1_0007.png;201;186;30;22;178;171;15;
016_1_0012.png;221;205;28;19;199;189;16;
016_1_0014.png;136;130;17;11;126;120;16;
016_1_0019.png;216;200;25;16;194;185;16;
017_1_0017.png;114;103;17;12;96;91;17;
020_1_0003.png;190;160;31;19;159;146;20;
020_0006.png;243;216;38;19;226;199;20;
022_0005.png;143;127;21;10;123;110;22;
024_1_0026.png;182;167;38;19;166;147;24;
024_0007_j.png;129;130;17;19;108;110;24;
026_1_0016.png;142;128;38;22;109;101;26;
026_0005.png;121;113;22;16;101;97;26;
026_0034.png;188;174;24;18;159;150;26;
027_0002.png;139;130;26;14;120;115;27;
027_0006.png;140;145;18;20;129;131;27;
027_0010.png;92;92;15;14;76;75;27;
027_0012.png;102;95;22;13;88;79;27;
028_1_0003.png;272;263;45;38;250;245;28;
028_1_0007.png;155;155;26;23;135;132;28;
028_1_0020.png;257;247;35;31;216;217;28;
028_1_0118.png;262;242;35;25;219;210;28;
028_1_0216.png;188;169;35;27;144;135;28;
028_0202.png;125;114;19;15;103;99;28;
029_1_0015.png;161;152;26;22;137;133;29;
030_1_0002.png;230;220;28;24;206;198;30;
030_1_0023.png;138;108;33;19;92;90;30;
030_0058.png;221;221;37;42;176;179;30;
031_1_0020.png;279;257;47;42;223;220;31;
031_0011.png;138;126;27;17;112;103;31;
031_0012.png;139;147;27;29;111;114;31;
032_1_0001_1_j.png;226;153;69;31;146;103;32;
032_1_0002_1_j.png;158;160;34;30;119;137;32;
033_1_0001.png;134;146;27;33;115;110;33;
034_1_0002.png;100;97;15;14;88;77;34;
034_1_0003_1_j.png;124;108;23;18;88;75;34;
035_1_0021.png;160;149;24;18;135;119;35;
035_0065.png;222;197;23;24;185;171;35;
036_1_0014.png;210;200;25;31;187;166;36;
036_1_0016.png;134;127;20;16;121;104;36;
036_1_0019.png;82;75;14;9;69;57;36;
037_1_0009.png;129;120;14;14;101;101;37;
038_0006.png;153;138;28;23;129;112;38;
038_0008.png;153;144;25;19;128;116;38;
043_1_0021.png;206;209;31;31;190;174;43;
047_0005.png;232;208;48;44;186;172;47;
049_1_0010.png;109;98;22;15;89;77;49;
050_1_0018.png;408;359;79;59;317;283;50;
052_1_0008_1_j.png;167;157;32;24;131;125;52;
055_1_0029.png;207;190;28;21;169;165;55;
055_0065.png;155;151;35;27;127;120;55;
056_1_0010.png;213;179;34;19;186;150;56;
057_0003_j.png;142;132;30;25;110;112;57;